0000000000000000000000000000000000000000
0000000000000000000000000000000000000000
0000000000000000000000000000000000000000
0000000000000000000000000000000000000000
0000000000000000000000000000000000000000
0000000000000000000000000000000000000000
0000000000000000000000000000000000000000
0000000000000000000001000000000000000000
0000000000000000000001000000000000000000
0000000000000000000000110000000000000000
0000000000000000000000010000000000000000
0000000000000000000000000000000000000000
0000000000000000000000100000000000000000
0000000000000000000001000000000000000000
0000000000000000000010000000000000000000
0000000000000000000010000030000000000000
0000000000000000000100000000000000000000
0000000000000000000100000000000000000000
0000000000000000001000000000000000000000
0000000000000000001000000000000000000000
0000000000000000001000000000000000000000
0000000000000000001000000000000000000000
0000000000000000001000000000000000000000
0000000000000000001000000000000000000000
0000002000000000001000000000000000000000
0000000000000000000100000000000000000000
0000000000000000000110000000000000000000
0000000000000000000011000000000000000000
0000000000000000000000110000000000000000
0000000000000000000000001111100000000000
0000000000000000000000000000000000000000
0000000000000000000000000000000000000000